nc = 37;
np = 2;
nv = 20;
tt = [
[36, 36, 36, 36, 36, 36, 57, 57, 57, 57, 57, 57, 57, 57, 57, 57, 97, 97, 97, 97, 97, 97, 97, 97, 97, 97, 97, 97, 97, 97, 46, 46, 51, 51, 51, 44, 44],
[1277, 1277, 1277, 1277, 1277, 1277, 1292, 1292, 1292, 1292, 1292, 1292, 1292, 1292, 1292, 1292, 1332, 1332, 1332, 1332, 1332, 1332, 1332, 1332, 1332, 1332, 1332, 1332, 1332, 1332, 1282, 1282, 1286, 1286, 1286, 1330, 1330]
];
cc = [
[1546, 1546, 1546, 1546, 1546, 1546, 1640, 1640, 1640, 1640, 1640, 1640, 1640, 1640, 1640, 1640, 1784, 1784, 1784, 1784, 1784, 1784, 1784, 1784, 1784, 1784, 1784, 1784, 1784, 1784, 843, 750, 1312, 1312, 1312, 1027, 705],
[4639, 4639, 4639, 4639, 4639, 4639, 4714, 4714, 4714, 4714, 4714, 4714, 4714, 4714, 4714, 4714, 4858, 4858, 4858, 4858, 4858, 4858, 4858, 4858, 4858, 4858, 4858, 4858, 4858, 4858, 3917, 3824, 4387, 4387, 4387, 4204, 3882]
];
s = [480, 499, 518, 597, 616, 635, 630, 610, 590, 570, 550, 510, 490, 470, 450, 530, 692, 872, 788, 764, 740, 716, 668, 548, 620, 596, 572, 524, 500, 644, 480, 620, 480, 513, 546, 660, 680];
cfr = [2, 2, 2, 2, 2, 2, 2, 2, 2, 2, 2, 2, 2, 2, 2, 2, 3, 3, 3, 3, 3, 3, 3, 3, 3, 3, 3, 3, 3, 3, 4, 4, 4, 4, 4, 4, 4];
vold = [8, 8, 8, 8, 8, 8, 8, 8, 8, 8, 8, 8, 8, 8, 8, 8, 8, 8, 8, 8, 8, 8, 8, 8, 8, 8, 8, 8, 8, 8, 4, 3, 8, 8, 8, 6, 4];
codLoadingPlants = [166020, 100020];
codOrders = [41941, 41941, 41941, 41941, 41941, 41941, 41986, 41986, 41986, 41986, 41986, 41986, 41986, 41986, 41986, 41986, 41987, 41987, 41987, 41987, 41987, 41987, 41987, 41987, 41987, 41987, 41987, 41987, 41987, 41987, 41988, 41988, 41990, 41990, 41990, 42004, 42004];
codDeliveries = [121025, 121026, 121027, 121028, 121029, 121235, 121160, 121159, 121158, 121157, 121156, 121154, 121153, 121152, 121151, 121155, 121170, 121239, 121238, 121237, 121236, 121228, 121169, 121164, 121167, 121166, 121165, 121163, 121162, 121168, 121171, 121172, 121177, 121178, 121179, 121226, 121227];
