nN = 40;
nA = 40;
nI = 2;
nJ = 38;
nK = 20;
nL = 8;
revenues = [0, 2952, 2952, 2952, 2952, 2952, 2304, 2304, 2304, 2304, 2304, 2304, 2304, 2304, 2304, 2304, 2416, 2416, 2416, 2416, 2416, 2416, 2416, 2416, 2416, 2416, 2416, 2416, 2416, 2416, 1084, 813, 2160, 2160, 2160, 1584, 1056, 0];
codLoadingPlants = [166020, 100020];
codMixerTrucks = [1084, 1662, 1657, 1398, 1658, 1822, 1784, 1484, 1774, 1773, 1228, 1686, 1808, 1817, 1787, 1788, 1482, 1668, 1809, 1253];
codOrders = [0, 41941, 41941, 41941, 41941, 41941, 41986, 41986, 41986, 41986, 41986, 41986, 41986, 41986, 41986, 41986, 41987, 41987, 41987, 41987, 41987, 41987, 41987, 41987, 41987, 41987, 41987, 41987, 41987, 41987, 41988, 41988, 41990, 41990, 41990, 42004, 42004, 0];
codDeliveries = [0, 121026, 121027, 121028, 121029, 121235, 121160, 121159, 121158, 121157, 121156, 121154, 121153, 121152, 121151, 121155, 121170, 121239, 121238, 121237, 121236, 121228, 121169, 121164, 121167, 121166, 121165, 121163, 121162, 121168, 121171, 121172, 121177, 121178, 121179, 121226, 121227, 0];
a = [0, 499, 518, 597, 616, 635, 630, 610, 590, 570, 550, 510, 490, 470, 450, 530, 692, 872, 788, 764, 740, 716, 668, 548, 620, 596, 572, 524, 500, 644, 480, 620, 480, 513, 546, 660, 680, 0];
b = [0, 514, 533, 612, 631, 650, 645, 625, 605, 585, 565, 525, 505, 485, 465, 545, 707, 887, 803, 779, 755, 731, 683, 563, 635, 611, 587, 539, 515, 659, 495, 635, 495, 528, 561, 675, 695, 0];
c = [
[0, 1546, 1546, 1546, 1546, 1546, 1551, 1551, 1551, 1551, 1551, 1551, 1551, 1551, 1551, 1551, 1784, 1784, 1784, 1784, 1784, 1784, 1784, 1784, 1784, 1784, 1784, 1784, 1784, 1784, 843, 657, 1312, 1312, 1312, 1027, 705, 0],
[0, 4639, 4639, 4639, 4639, 4639, 4624, 4624, 4624, 4624, 4624, 4624, 4624, 4624, 4624, 4624, 4858, 4858, 4858, 4858, 4858, 4858, 4858, 4858, 4858, 4858, 4858, 4858, 4858, 4858, 3917, 3731, 4387, 4387, 4387, 4204, 3882, 0]
];
t = [
[0, 36, 36, 36, 36, 36, 57, 57, 57, 57, 57, 57, 57, 57, 57, 57, 97, 97, 97, 97, 97, 97, 97, 97, 97, 97, 97, 97, 97, 97, 46, 46, 51, 51, 51, 44, 44, 0],
[0, 1277, 1277, 1277, 1277, 1277, 1292, 1292, 1292, 1292, 1292, 1292, 1292, 1292, 1292, 1292, 1332, 1332, 1332, 1332, 1332, 1332, 1332, 1332, 1332, 1332, 1332, 1332, 1332, 1332, 1282, 1282, 1286, 1286, 1286, 1330, 1330, 0]
];
csd = [0, 19, 19, 19, 19, 19, 20, 20, 20, 20, 20, 20, 20, 20, 20, 20, 25, 25, 25, 25, 25, 25, 25, 25, 25, 25, 25, 25, 25, 25, 16, 14, 33, 33, 33, 24, 16, 0];
