nLP = 2;
nMT = 40;
nD = 33;
lpmt = [1, 1, 1, 1, 1, 1, 1, 1, 1, 1, 1, 1, 1, 1, 1, 1, 1, 1, 1, 1, 2, 2, 2, 2, 2, 2, 2, 2, 2, 2, 2, 2, 2, 2, 2, 2, 2, 2, 2, 2];
c = [
[110.1, 110.1, 110.1, 110.1, 190.7, 190.7, 195.5, 195.5, 195.5, 140, 140, 140, 140, 113.5, 113.5, 113.5, 113.5, 113.5, 107.7, 107.7, 107.7, 186, 186, 186, 162.8, 162.8, 162.8, 176.1, 176.1, 176.1, 149.8, 149.8, 149.8],
[110.1, 110.1, 110.1, 110.1, 190.7, 190.7, 195.5, 195.5, 195.5, 140, 140, 140, 140, 113.5, 113.5, 113.5, 113.5, 113.5, 107.7, 107.7, 107.7, 186, 186, 186, 162.8, 162.8, 162.8, 176.1, 176.1, 176.1, 149.8, 149.8, 149.8],
[110.1, 110.1, 110.1, 110.1, 190.7, 190.7, 195.5, 195.5, 195.5, 140, 140, 140, 140, 113.5, 113.5, 113.5, 113.5, 113.5, 107.7, 107.7, 107.7, 186, 186, 186, 162.8, 162.8, 162.8, 176.1, 176.1, 176.1, 149.8, 149.8, 149.8],
[110.1, 110.1, 110.1, 110.1, 190.7, 190.7, 195.5, 195.5, 195.5, 140, 140, 140, 140, 113.5, 113.5, 113.5, 113.5, 113.5, 107.7, 107.7, 107.7, 186, 186, 186, 162.8, 162.8, 162.8, 176.1, 176.1, 176.1, 149.8, 149.8, 149.8],
[110.1, 110.1, 110.1, 110.1, 190.7, 190.7, 195.5, 195.5, 195.5, 140, 140, 140, 140, 113.5, 113.5, 113.5, 113.5, 113.5, 107.7, 107.7, 107.7, 186, 186, 186, 162.8, 162.8, 162.8, 176.1, 176.1, 176.1, 149.8, 149.8, 149.8],
[110.1, 110.1, 110.1, 110.1, 190.7, 190.7, 195.5, 195.5, 195.5, 140, 140, 140, 140, 113.5, 113.5, 113.5, 113.5, 113.5, 107.7, 107.7, 107.7, 186, 186, 186, 162.8, 162.8, 162.8, 176.1, 176.1, 176.1, 149.8, 149.8, 149.8],
[110.1, 110.1, 110.1, 110.1, 190.7, 190.7, 195.5, 195.5, 195.5, 140, 140, 140, 140, 113.5, 113.5, 113.5, 113.5, 113.5, 107.7, 107.7, 107.7, 186, 186, 186, 162.8, 162.8, 162.8, 176.1, 176.1, 176.1, 149.8, 149.8, 149.8],
[110.1, 110.1, 110.1, 110.1, 190.7, 190.7, 195.5, 195.5, 195.5, 140, 140, 140, 140, 113.5, 113.5, 113.5, 113.5, 113.5, 107.7, 107.7, 107.7, 186, 186, 186, 162.8, 162.8, 162.8, 176.1, 176.1, 176.1, 149.8, 149.8, 149.8],
[110.1, 110.1, 110.1, 110.1, 190.7, 190.7, 195.5, 195.5, 195.5, 140, 140, 140, 140, 113.5, 113.5, 113.5, 113.5, 113.5, 107.7, 107.7, 107.7, 186, 186, 186, 162.8, 162.8, 162.8, 176.1, 176.1, 176.1, 149.8, 149.8, 149.8],
[110.1, 110.1, 110.1, 110.1, 190.7, 190.7, 195.5, 195.5, 195.5, 140, 140, 140, 140, 113.5, 113.5, 113.5, 113.5, 113.5, 107.7, 107.7, 107.7, 186, 186, 186, 162.8, 162.8, 162.8, 176.1, 176.1, 176.1, 149.8, 149.8, 149.8],
[110.1, 110.1, 110.1, 110.1, 190.7, 190.7, 195.5, 195.5, 195.5, 140, 140, 140, 140, 113.5, 113.5, 113.5, 113.5, 113.5, 107.7, 107.7, 107.7, 186, 186, 186, 162.8, 162.8, 162.8, 176.1, 176.1, 176.1, 149.8, 149.8, 149.8],
[110.1, 110.1, 110.1, 110.1, 190.7, 190.7, 195.5, 195.5, 195.5, 140, 140, 140, 140, 113.5, 113.5, 113.5, 113.5, 113.5, 107.7, 107.7, 107.7, 186, 186, 186, 162.8, 162.8, 162.8, 176.1, 176.1, 176.1, 149.8, 149.8, 149.8],
[110.1, 110.1, 110.1, 110.1, 190.7, 190.7, 195.5, 195.5, 195.5, 140, 140, 140, 140, 113.5, 113.5, 113.5, 113.5, 113.5, 107.7, 107.7, 107.7, 186, 186, 186, 162.8, 162.8, 162.8, 176.1, 176.1, 176.1, 149.8, 149.8, 149.8],
[110.1, 110.1, 110.1, 110.1, 190.7, 190.7, 195.5, 195.5, 195.5, 140, 140, 140, 140, 113.5, 113.5, 113.5, 113.5, 113.5, 107.7, 107.7, 107.7, 186, 186, 186, 162.8, 162.8, 162.8, 176.1, 176.1, 176.1, 149.8, 149.8, 149.8],
[110.1, 110.1, 110.1, 110.1, 190.7, 190.7, 195.5, 195.5, 195.5, 140, 140, 140, 140, 113.5, 113.5, 113.5, 113.5, 113.5, 107.7, 107.7, 107.7, 186, 186, 186, 162.8, 162.8, 162.8, 176.1, 176.1, 176.1, 149.8, 149.8, 149.8],
[110.1, 110.1, 110.1, 110.1, 190.7, 190.7, 195.5, 195.5, 195.5, 140, 140, 140, 140, 113.5, 113.5, 113.5, 113.5, 113.5, 107.7, 107.7, 107.7, 186, 186, 186, 162.8, 162.8, 162.8, 176.1, 176.1, 176.1, 149.8, 149.8, 149.8],
[110.1, 110.1, 110.1, 110.1, 190.7, 190.7, 195.5, 195.5, 195.5, 140, 140, 140, 140, 113.5, 113.5, 113.5, 113.5, 113.5, 107.7, 107.7, 107.7, 186, 186, 186, 162.8, 162.8, 162.8, 176.1, 176.1, 176.1, 149.8, 149.8, 149.8],
[110.1, 110.1, 110.1, 110.1, 190.7, 190.7, 195.5, 195.5, 195.5, 140, 140, 140, 140, 113.5, 113.5, 113.5, 113.5, 113.5, 107.7, 107.7, 107.7, 186, 186, 186, 162.8, 162.8, 162.8, 176.1, 176.1, 176.1, 149.8, 149.8, 149.8],
[110.1, 110.1, 110.1, 110.1, 190.7, 190.7, 195.5, 195.5, 195.5, 140, 140, 140, 140, 113.5, 113.5, 113.5, 113.5, 113.5, 107.7, 107.7, 107.7, 186, 186, 186, 162.8, 162.8, 162.8, 176.1, 176.1, 176.1, 149.8, 149.8, 149.8],
[110.1, 110.1, 110.1, 110.1, 190.7, 190.7, 195.5, 195.5, 195.5, 140, 140, 140, 140, 113.5, 113.5, 113.5, 113.5, 113.5, 107.7, 107.7, 107.7, 186, 186, 186, 162.8, 162.8, 162.8, 176.1, 176.1, 176.1, 149.8, 149.8, 149.8],
[165.6, 165.6, 165.6, 165.6, 188.1, 188.1, 191.2, 191.2, 191.2, 129.1, 129.1, 129.1, 129.1, 120.2, 120.2, 120.2, 120.2, 120.2, 113, 113, 113, 195, 195, 195, 168.2, 168.2, 168.2, 165.4, 165.4, 165.4, 141.5, 141.5, 141.5],
[165.6, 165.6, 165.6, 165.6, 188.1, 188.1, 191.2, 191.2, 191.2, 129.1, 129.1, 129.1, 129.1, 120.2, 120.2, 120.2, 120.2, 120.2, 113, 113, 113, 195, 195, 195, 168.2, 168.2, 168.2, 165.4, 165.4, 165.4, 141.5, 141.5, 141.5],
[165.6, 165.6, 165.6, 165.6, 188.1, 188.1, 191.2, 191.2, 191.2, 129.1, 129.1, 129.1, 129.1, 120.2, 120.2, 120.2, 120.2, 120.2, 113, 113, 113, 195, 195, 195, 168.2, 168.2, 168.2, 165.4, 165.4, 165.4, 141.5, 141.5, 141.5],
[165.6, 165.6, 165.6, 165.6, 188.1, 188.1, 191.2, 191.2, 191.2, 129.1, 129.1, 129.1, 129.1, 120.2, 120.2, 120.2, 120.2, 120.2, 113, 113, 113, 195, 195, 195, 168.2, 168.2, 168.2, 165.4, 165.4, 165.4, 141.5, 141.5, 141.5],
[165.6, 165.6, 165.6, 165.6, 188.1, 188.1, 191.2, 191.2, 191.2, 129.1, 129.1, 129.1, 129.1, 120.2, 120.2, 120.2, 120.2, 120.2, 113, 113, 113, 195, 195, 195, 168.2, 168.2, 168.2, 165.4, 165.4, 165.4, 141.5, 141.5, 141.5],
[165.6, 165.6, 165.6, 165.6, 188.1, 188.1, 191.2, 191.2, 191.2, 129.1, 129.1, 129.1, 129.1, 120.2, 120.2, 120.2, 120.2, 120.2, 113, 113, 113, 195, 195, 195, 168.2, 168.2, 168.2, 165.4, 165.4, 165.4, 141.5, 141.5, 141.5],
[165.6, 165.6, 165.6, 165.6, 188.1, 188.1, 191.2, 191.2, 191.2, 129.1, 129.1, 129.1, 129.1, 120.2, 120.2, 120.2, 120.2, 120.2, 113, 113, 113, 195, 195, 195, 168.2, 168.2, 168.2, 165.4, 165.4, 165.4, 141.5, 141.5, 141.5],
[165.6, 165.6, 165.6, 165.6, 188.1, 188.1, 191.2, 191.2, 191.2, 129.1, 129.1, 129.1, 129.1, 120.2, 120.2, 120.2, 120.2, 120.2, 113, 113, 113, 195, 195, 195, 168.2, 168.2, 168.2, 165.4, 165.4, 165.4, 141.5, 141.5, 141.5],
[165.6, 165.6, 165.6, 165.6, 188.1, 188.1, 191.2, 191.2, 191.2, 129.1, 129.1, 129.1, 129.1, 120.2, 120.2, 120.2, 120.2, 120.2, 113, 113, 113, 195, 195, 195, 168.2, 168.2, 168.2, 165.4, 165.4, 165.4, 141.5, 141.5, 141.5],
[165.6, 165.6, 165.6, 165.6, 188.1, 188.1, 191.2, 191.2, 191.2, 129.1, 129.1, 129.1, 129.1, 120.2, 120.2, 120.2, 120.2, 120.2, 113, 113, 113, 195, 195, 195, 168.2, 168.2, 168.2, 165.4, 165.4, 165.4, 141.5, 141.5, 141.5],
[165.6, 165.6, 165.6, 165.6, 188.1, 188.1, 191.2, 191.2, 191.2, 129.1, 129.1, 129.1, 129.1, 120.2, 120.2, 120.2, 120.2, 120.2, 113, 113, 113, 195, 195, 195, 168.2, 168.2, 168.2, 165.4, 165.4, 165.4, 141.5, 141.5, 141.5],
[165.6, 165.6, 165.6, 165.6, 188.1, 188.1, 191.2, 191.2, 191.2, 129.1, 129.1, 129.1, 129.1, 120.2, 120.2, 120.2, 120.2, 120.2, 113, 113, 113, 195, 195, 195, 168.2, 168.2, 168.2, 165.4, 165.4, 165.4, 141.5, 141.5, 141.5],
[165.6, 165.6, 165.6, 165.6, 188.1, 188.1, 191.2, 191.2, 191.2, 129.1, 129.1, 129.1, 129.1, 120.2, 120.2, 120.2, 120.2, 120.2, 113, 113, 113, 195, 195, 195, 168.2, 168.2, 168.2, 165.4, 165.4, 165.4, 141.5, 141.5, 141.5],
[165.6, 165.6, 165.6, 165.6, 188.1, 188.1, 191.2, 191.2, 191.2, 129.1, 129.1, 129.1, 129.1, 120.2, 120.2, 120.2, 120.2, 120.2, 113, 113, 113, 195, 195, 195, 168.2, 168.2, 168.2, 165.4, 165.4, 165.4, 141.5, 141.5, 141.5],
[165.6, 165.6, 165.6, 165.6, 188.1, 188.1, 191.2, 191.2, 191.2, 129.1, 129.1, 129.1, 129.1, 120.2, 120.2, 120.2, 120.2, 120.2, 113, 113, 113, 195, 195, 195, 168.2, 168.2, 168.2, 165.4, 165.4, 165.4, 141.5, 141.5, 141.5],
[165.6, 165.6, 165.6, 165.6, 188.1, 188.1, 191.2, 191.2, 191.2, 129.1, 129.1, 129.1, 129.1, 120.2, 120.2, 120.2, 120.2, 120.2, 113, 113, 113, 195, 195, 195, 168.2, 168.2, 168.2, 165.4, 165.4, 165.4, 141.5, 141.5, 141.5],
[165.6, 165.6, 165.6, 165.6, 188.1, 188.1, 191.2, 191.2, 191.2, 129.1, 129.1, 129.1, 129.1, 120.2, 120.2, 120.2, 120.2, 120.2, 113, 113, 113, 195, 195, 195, 168.2, 168.2, 168.2, 165.4, 165.4, 165.4, 141.5, 141.5, 141.5],
[165.6, 165.6, 165.6, 165.6, 188.1, 188.1, 191.2, 191.2, 191.2, 129.1, 129.1, 129.1, 129.1, 120.2, 120.2, 120.2, 120.2, 120.2, 113, 113, 113, 195, 195, 195, 168.2, 168.2, 168.2, 165.4, 165.4, 165.4, 141.5, 141.5, 141.5],
[165.6, 165.6, 165.6, 165.6, 188.1, 188.1, 191.2, 191.2, 191.2, 129.1, 129.1, 129.1, 129.1, 120.2, 120.2, 120.2, 120.2, 120.2, 113, 113, 113, 195, 195, 195, 168.2, 168.2, 168.2, 165.4, 165.4, 165.4, 141.5, 141.5, 141.5],
[165.6, 165.6, 165.6, 165.6, 188.1, 188.1, 191.2, 191.2, 191.2, 129.1, 129.1, 129.1, 129.1, 120.2, 120.2, 120.2, 120.2, 120.2, 113, 113, 113, 195, 195, 195, 168.2, 168.2, 168.2, 165.4, 165.4, 165.4, 141.5, 141.5, 141.5]
];
t = [
[21.5, 21.5, 21.5, 21.5, 22.9, 22.9, 15.9, 15.9, 15.9, 36.9, 36.9, 36.9, 36.9, 17, 17, 17, 17, 17, 30.7, 30.7, 30.7, 27.5, 27.5, 27.5, 16.8, 16.8, 16.8, 15.7, 15.7, 15.7, 39.9, 39.9, 39.9],
[21.5, 21.5, 21.5, 21.5, 22.9, 22.9, 15.9, 15.9, 15.9, 36.9, 36.9, 36.9, 36.9, 17, 17, 17, 17, 17, 30.7, 30.7, 30.7, 27.5, 27.5, 27.5, 16.8, 16.8, 16.8, 15.7, 15.7, 15.7, 39.9, 39.9, 39.9],
[21.5, 21.5, 21.5, 21.5, 22.9, 22.9, 15.9, 15.9, 15.9, 36.9, 36.9, 36.9, 36.9, 17, 17, 17, 17, 17, 30.7, 30.7, 30.7, 27.5, 27.5, 27.5, 16.8, 16.8, 16.8, 15.7, 15.7, 15.7, 39.9, 39.9, 39.9],
[21.5, 21.5, 21.5, 21.5, 22.9, 22.9, 15.9, 15.9, 15.9, 36.9, 36.9, 36.9, 36.9, 17, 17, 17, 17, 17, 30.7, 30.7, 30.7, 27.5, 27.5, 27.5, 16.8, 16.8, 16.8, 15.7, 15.7, 15.7, 39.9, 39.9, 39.9],
[21.5, 21.5, 21.5, 21.5, 22.9, 22.9, 15.9, 15.9, 15.9, 36.9, 36.9, 36.9, 36.9, 17, 17, 17, 17, 17, 30.7, 30.7, 30.7, 27.5, 27.5, 27.5, 16.8, 16.8, 16.8, 15.7, 15.7, 15.7, 39.9, 39.9, 39.9],
[21.5, 21.5, 21.5, 21.5, 22.9, 22.9, 15.9, 15.9, 15.9, 36.9, 36.9, 36.9, 36.9, 17, 17, 17, 17, 17, 30.7, 30.7, 30.7, 27.5, 27.5, 27.5, 16.8, 16.8, 16.8, 15.7, 15.7, 15.7, 39.9, 39.9, 39.9],
[21.5, 21.5, 21.5, 21.5, 22.9, 22.9, 15.9, 15.9, 15.9, 36.9, 36.9, 36.9, 36.9, 17, 17, 17, 17, 17, 30.7, 30.7, 30.7, 27.5, 27.5, 27.5, 16.8, 16.8, 16.8, 15.7, 15.7, 15.7, 39.9, 39.9, 39.9],
[21.5, 21.5, 21.5, 21.5, 22.9, 22.9, 15.9, 15.9, 15.9, 36.9, 36.9, 36.9, 36.9, 17, 17, 17, 17, 17, 30.7, 30.7, 30.7, 27.5, 27.5, 27.5, 16.8, 16.8, 16.8, 15.7, 15.7, 15.7, 39.9, 39.9, 39.9],
[21.5, 21.5, 21.5, 21.5, 22.9, 22.9, 15.9, 15.9, 15.9, 36.9, 36.9, 36.9, 36.9, 17, 17, 17, 17, 17, 30.7, 30.7, 30.7, 27.5, 27.5, 27.5, 16.8, 16.8, 16.8, 15.7, 15.7, 15.7, 39.9, 39.9, 39.9],
[21.5, 21.5, 21.5, 21.5, 22.9, 22.9, 15.9, 15.9, 15.9, 36.9, 36.9, 36.9, 36.9, 17, 17, 17, 17, 17, 30.7, 30.7, 30.7, 27.5, 27.5, 27.5, 16.8, 16.8, 16.8, 15.7, 15.7, 15.7, 39.9, 39.9, 39.9],
[21.5, 21.5, 21.5, 21.5, 22.9, 22.9, 15.9, 15.9, 15.9, 36.9, 36.9, 36.9, 36.9, 17, 17, 17, 17, 17, 30.7, 30.7, 30.7, 27.5, 27.5, 27.5, 16.8, 16.8, 16.8, 15.7, 15.7, 15.7, 39.9, 39.9, 39.9],
[21.5, 21.5, 21.5, 21.5, 22.9, 22.9, 15.9, 15.9, 15.9, 36.9, 36.9, 36.9, 36.9, 17, 17, 17, 17, 17, 30.7, 30.7, 30.7, 27.5, 27.5, 27.5, 16.8, 16.8, 16.8, 15.7, 15.7, 15.7, 39.9, 39.9, 39.9],
[21.5, 21.5, 21.5, 21.5, 22.9, 22.9, 15.9, 15.9, 15.9, 36.9, 36.9, 36.9, 36.9, 17, 17, 17, 17, 17, 30.7, 30.7, 30.7, 27.5, 27.5, 27.5, 16.8, 16.8, 16.8, 15.7, 15.7, 15.7, 39.9, 39.9, 39.9],
[21.5, 21.5, 21.5, 21.5, 22.9, 22.9, 15.9, 15.9, 15.9, 36.9, 36.9, 36.9, 36.9, 17, 17, 17, 17, 17, 30.7, 30.7, 30.7, 27.5, 27.5, 27.5, 16.8, 16.8, 16.8, 15.7, 15.7, 15.7, 39.9, 39.9, 39.9],
[21.5, 21.5, 21.5, 21.5, 22.9, 22.9, 15.9, 15.9, 15.9, 36.9, 36.9, 36.9, 36.9, 17, 17, 17, 17, 17, 30.7, 30.7, 30.7, 27.5, 27.5, 27.5, 16.8, 16.8, 16.8, 15.7, 15.7, 15.7, 39.9, 39.9, 39.9],
[21.5, 21.5, 21.5, 21.5, 22.9, 22.9, 15.9, 15.9, 15.9, 36.9, 36.9, 36.9, 36.9, 17, 17, 17, 17, 17, 30.7, 30.7, 30.7, 27.5, 27.5, 27.5, 16.8, 16.8, 16.8, 15.7, 15.7, 15.7, 39.9, 39.9, 39.9],
[21.5, 21.5, 21.5, 21.5, 22.9, 22.9, 15.9, 15.9, 15.9, 36.9, 36.9, 36.9, 36.9, 17, 17, 17, 17, 17, 30.7, 30.7, 30.7, 27.5, 27.5, 27.5, 16.8, 16.8, 16.8, 15.7, 15.7, 15.7, 39.9, 39.9, 39.9],
[21.5, 21.5, 21.5, 21.5, 22.9, 22.9, 15.9, 15.9, 15.9, 36.9, 36.9, 36.9, 36.9, 17, 17, 17, 17, 17, 30.7, 30.7, 30.7, 27.5, 27.5, 27.5, 16.8, 16.8, 16.8, 15.7, 15.7, 15.7, 39.9, 39.9, 39.9],
[21.5, 21.5, 21.5, 21.5, 22.9, 22.9, 15.9, 15.9, 15.9, 36.9, 36.9, 36.9, 36.9, 17, 17, 17, 17, 17, 30.7, 30.7, 30.7, 27.5, 27.5, 27.5, 16.8, 16.8, 16.8, 15.7, 15.7, 15.7, 39.9, 39.9, 39.9],
[21.5, 21.5, 21.5, 21.5, 22.9, 22.9, 15.9, 15.9, 15.9, 36.9, 36.9, 36.9, 36.9, 17, 17, 17, 17, 17, 30.7, 30.7, 30.7, 27.5, 27.5, 27.5, 16.8, 16.8, 16.8, 15.7, 15.7, 15.7, 39.9, 39.9, 39.9],
[31, 31, 31, 31, 37.7, 37.7, 30.5, 30.5, 30.5, 35.4, 35.4, 35.4, 35.4, 38.8, 38.8, 38.8, 38.8, 38.8, 25, 25, 25, 21.3, 21.3, 21.3, 34.5, 34.5, 34.5, 35.1, 35.1, 35.1, 22.1, 22.1, 22.1],
[31, 31, 31, 31, 37.7, 37.7, 30.5, 30.5, 30.5, 35.4, 35.4, 35.4, 35.4, 38.8, 38.8, 38.8, 38.8, 38.8, 25, 25, 25, 21.3, 21.3, 21.3, 34.5, 34.5, 34.5, 35.1, 35.1, 35.1, 22.1, 22.1, 22.1],
[31, 31, 31, 31, 37.7, 37.7, 30.5, 30.5, 30.5, 35.4, 35.4, 35.4, 35.4, 38.8, 38.8, 38.8, 38.8, 38.8, 25, 25, 25, 21.3, 21.3, 21.3, 34.5, 34.5, 34.5, 35.1, 35.1, 35.1, 22.1, 22.1, 22.1],
[31, 31, 31, 31, 37.7, 37.7, 30.5, 30.5, 30.5, 35.4, 35.4, 35.4, 35.4, 38.8, 38.8, 38.8, 38.8, 38.8, 25, 25, 25, 21.3, 21.3, 21.3, 34.5, 34.5, 34.5, 35.1, 35.1, 35.1, 22.1, 22.1, 22.1],
[31, 31, 31, 31, 37.7, 37.7, 30.5, 30.5, 30.5, 35.4, 35.4, 35.4, 35.4, 38.8, 38.8, 38.8, 38.8, 38.8, 25, 25, 25, 21.3, 21.3, 21.3, 34.5, 34.5, 34.5, 35.1, 35.1, 35.1, 22.1, 22.1, 22.1],
[31, 31, 31, 31, 37.7, 37.7, 30.5, 30.5, 30.5, 35.4, 35.4, 35.4, 35.4, 38.8, 38.8, 38.8, 38.8, 38.8, 25, 25, 25, 21.3, 21.3, 21.3, 34.5, 34.5, 34.5, 35.1, 35.1, 35.1, 22.1, 22.1, 22.1],
[31, 31, 31, 31, 37.7, 37.7, 30.5, 30.5, 30.5, 35.4, 35.4, 35.4, 35.4, 38.8, 38.8, 38.8, 38.8, 38.8, 25, 25, 25, 21.3, 21.3, 21.3, 34.5, 34.5, 34.5, 35.1, 35.1, 35.1, 22.1, 22.1, 22.1],
[31, 31, 31, 31, 37.7, 37.7, 30.5, 30.5, 30.5, 35.4, 35.4, 35.4, 35.4, 38.8, 38.8, 38.8, 38.8, 38.8, 25, 25, 25, 21.3, 21.3, 21.3, 34.5, 34.5, 34.5, 35.1, 35.1, 35.1, 22.1, 22.1, 22.1],
[31, 31, 31, 31, 37.7, 37.7, 30.5, 30.5, 30.5, 35.4, 35.4, 35.4, 35.4, 38.8, 38.8, 38.8, 38.8, 38.8, 25, 25, 25, 21.3, 21.3, 21.3, 34.5, 34.5, 34.5, 35.1, 35.1, 35.1, 22.1, 22.1, 22.1],
[31, 31, 31, 31, 37.7, 37.7, 30.5, 30.5, 30.5, 35.4, 35.4, 35.4, 35.4, 38.8, 38.8, 38.8, 38.8, 38.8, 25, 25, 25, 21.3, 21.3, 21.3, 34.5, 34.5, 34.5, 35.1, 35.1, 35.1, 22.1, 22.1, 22.1],
[31, 31, 31, 31, 37.7, 37.7, 30.5, 30.5, 30.5, 35.4, 35.4, 35.4, 35.4, 38.8, 38.8, 38.8, 38.8, 38.8, 25, 25, 25, 21.3, 21.3, 21.3, 34.5, 34.5, 34.5, 35.1, 35.1, 35.1, 22.1, 22.1, 22.1],
[31, 31, 31, 31, 37.7, 37.7, 30.5, 30.5, 30.5, 35.4, 35.4, 35.4, 35.4, 38.8, 38.8, 38.8, 38.8, 38.8, 25, 25, 25, 21.3, 21.3, 21.3, 34.5, 34.5, 34.5, 35.1, 35.1, 35.1, 22.1, 22.1, 22.1],
[31, 31, 31, 31, 37.7, 37.7, 30.5, 30.5, 30.5, 35.4, 35.4, 35.4, 35.4, 38.8, 38.8, 38.8, 38.8, 38.8, 25, 25, 25, 21.3, 21.3, 21.3, 34.5, 34.5, 34.5, 35.1, 35.1, 35.1, 22.1, 22.1, 22.1],
[31, 31, 31, 31, 37.7, 37.7, 30.5, 30.5, 30.5, 35.4, 35.4, 35.4, 35.4, 38.8, 38.8, 38.8, 38.8, 38.8, 25, 25, 25, 21.3, 21.3, 21.3, 34.5, 34.5, 34.5, 35.1, 35.1, 35.1, 22.1, 22.1, 22.1],
[31, 31, 31, 31, 37.7, 37.7, 30.5, 30.5, 30.5, 35.4, 35.4, 35.4, 35.4, 38.8, 38.8, 38.8, 38.8, 38.8, 25, 25, 25, 21.3, 21.3, 21.3, 34.5, 34.5, 34.5, 35.1, 35.1, 35.1, 22.1, 22.1, 22.1],
[31, 31, 31, 31, 37.7, 37.7, 30.5, 30.5, 30.5, 35.4, 35.4, 35.4, 35.4, 38.8, 38.8, 38.8, 38.8, 38.8, 25, 25, 25, 21.3, 21.3, 21.3, 34.5, 34.5, 34.5, 35.1, 35.1, 35.1, 22.1, 22.1, 22.1],
[31, 31, 31, 31, 37.7, 37.7, 30.5, 30.5, 30.5, 35.4, 35.4, 35.4, 35.4, 38.8, 38.8, 38.8, 38.8, 38.8, 25, 25, 25, 21.3, 21.3, 21.3, 34.5, 34.5, 34.5, 35.1, 35.1, 35.1, 22.1, 22.1, 22.1],
[31, 31, 31, 31, 37.7, 37.7, 30.5, 30.5, 30.5, 35.4, 35.4, 35.4, 35.4, 38.8, 38.8, 38.8, 38.8, 38.8, 25, 25, 25, 21.3, 21.3, 21.3, 34.5, 34.5, 34.5, 35.1, 35.1, 35.1, 22.1, 22.1, 22.1],
[31, 31, 31, 31, 37.7, 37.7, 30.5, 30.5, 30.5, 35.4, 35.4, 35.4, 35.4, 38.8, 38.8, 38.8, 38.8, 38.8, 25, 25, 25, 21.3, 21.3, 21.3, 34.5, 34.5, 34.5, 35.1, 35.1, 35.1, 22.1, 22.1, 22.1],
[31, 31, 31, 31, 37.7, 37.7, 30.5, 30.5, 30.5, 35.4, 35.4, 35.4, 35.4, 38.8, 38.8, 38.8, 38.8, 38.8, 25, 25, 25, 21.3, 21.3, 21.3, 34.5, 34.5, 34.5, 35.1, 35.1, 35.1, 22.1, 22.1, 22.1]
];
dmt = [
[1, 1, 1, 1, 0, 0, 0, 0, 0, 0, 0, 0, 0, 0, 0, 0, 0, 0, 0, 0, 0, 0, 0, 0, 0, 0, 0, 0, 0, 0, 1, 1, 1],
[1, 1, 1, 1, 0, 0, 0, 0, 0, 0, 0, 0, 0, 0, 0, 0, 0, 0, 0, 0, 0, 0, 0, 0, 0, 0, 0, 0, 0, 0, 1, 1, 1],
[1, 1, 1, 1, 0, 0, 0, 0, 0, 0, 0, 0, 0, 0, 0, 0, 0, 0, 0, 0, 0, 0, 0, 0, 0, 0, 0, 0, 0, 0, 1, 1, 1],
[1, 1, 1, 1, 0, 0, 0, 0, 0, 0, 0, 0, 0, 0, 0, 0, 0, 0, 0, 0, 0, 0, 0, 0, 0, 0, 0, 0, 0, 0, 1, 1, 1],
[1, 1, 1, 1, 0, 0, 0, 0, 0, 0, 0, 0, 0, 0, 0, 0, 0, 0, 0, 0, 0, 0, 0, 0, 0, 0, 0, 0, 0, 0, 1, 1, 1],
[1, 1, 1, 1, 0, 0, 0, 0, 0, 0, 0, 0, 0, 0, 0, 0, 0, 0, 0, 0, 0, 0, 0, 0, 0, 0, 0, 0, 0, 0, 1, 1, 1],
[1, 1, 1, 1, 0, 0, 0, 0, 0, 0, 0, 0, 0, 0, 0, 0, 0, 0, 0, 0, 0, 0, 0, 0, 0, 0, 0, 0, 0, 0, 1, 1, 1],
[1, 1, 1, 1, 0, 0, 0, 0, 0, 0, 0, 0, 0, 0, 0, 0, 0, 0, 0, 0, 0, 0, 0, 0, 0, 0, 0, 0, 0, 0, 1, 1, 1],
[1, 1, 1, 1, 0, 0, 0, 0, 0, 0, 0, 0, 0, 0, 0, 0, 0, 0, 0, 0, 0, 0, 0, 0, 0, 0, 0, 0, 0, 0, 1, 1, 1],
[1, 1, 1, 1, 0, 0, 0, 0, 0, 0, 0, 0, 0, 0, 0, 0, 0, 0, 0, 0, 0, 0, 0, 0, 0, 0, 0, 0, 0, 0, 1, 1, 1],
[1, 1, 1, 1, 0, 0, 0, 0, 0, 0, 0, 0, 0, 0, 0, 0, 0, 0, 0, 0, 0, 0, 0, 0, 0, 0, 0, 0, 0, 0, 1, 1, 1],
[1, 1, 1, 1, 0, 0, 0, 0, 0, 0, 0, 0, 0, 0, 0, 0, 0, 0, 0, 0, 0, 0, 0, 0, 0, 0, 0, 0, 0, 0, 1, 1, 1],
[1, 1, 1, 1, 0, 0, 0, 0, 0, 0, 0, 0, 0, 0, 0, 0, 0, 0, 0, 0, 0, 0, 0, 0, 0, 0, 0, 0, 0, 0, 1, 1, 1],
[1, 1, 1, 1, 0, 0, 0, 0, 0, 0, 0, 0, 0, 0, 0, 0, 0, 0, 0, 0, 0, 0, 0, 0, 0, 0, 0, 0, 0, 0, 1, 1, 1],
[1, 1, 1, 1, 0, 0, 0, 0, 0, 0, 0, 0, 0, 0, 0, 0, 0, 0, 0, 0, 0, 0, 0, 0, 0, 0, 0, 0, 0, 0, 1, 1, 1],
[1, 1, 1, 1, 0, 0, 0, 0, 0, 0, 0, 0, 0, 0, 0, 0, 0, 0, 0, 0, 0, 0, 0, 0, 0, 0, 0, 0, 0, 0, 1, 1, 1],
[1, 1, 1, 1, 0, 0, 0, 0, 0, 0, 0, 0, 0, 0, 0, 0, 0, 0, 0, 0, 0, 0, 0, 0, 0, 0, 0, 0, 0, 0, 1, 1, 1],
[1, 1, 1, 1, 0, 0, 0, 0, 0, 0, 0, 0, 0, 0, 0, 0, 0, 0, 0, 0, 0, 0, 0, 0, 0, 0, 0, 0, 0, 0, 1, 1, 1],
[1, 1, 1, 1, 0, 0, 0, 0, 0, 0, 0, 0, 0, 0, 0, 0, 0, 0, 0, 0, 0, 0, 0, 0, 0, 0, 0, 0, 0, 0, 1, 1, 1],
[1, 1, 1, 1, 0, 0, 0, 0, 0, 0, 0, 0, 0, 0, 0, 0, 0, 0, 0, 0, 0, 0, 0, 0, 0, 0, 0, 0, 0, 0, 1, 1, 1],
[1, 1, 1, 1, 1, 1, 1, 1, 1, 1, 1, 1, 1, 1, 1, 1, 1, 1, 1, 1, 1, 1, 1, 1, 1, 1, 1, 1, 1, 1, 1, 1, 1],
[1, 1, 1, 1, 1, 1, 1, 1, 1, 1, 1, 1, 1, 1, 1, 1, 1, 1, 1, 1, 1, 1, 1, 1, 1, 1, 1, 1, 1, 1, 1, 1, 1],
[1, 1, 1, 1, 1, 1, 1, 1, 1, 1, 1, 1, 1, 1, 1, 1, 1, 1, 1, 1, 1, 1, 1, 1, 1, 1, 1, 1, 1, 1, 1, 1, 1],
[1, 1, 1, 1, 1, 1, 1, 1, 1, 1, 1, 1, 1, 1, 1, 1, 1, 1, 1, 1, 1, 1, 1, 1, 1, 1, 1, 1, 1, 1, 1, 1, 1],
[1, 1, 1, 1, 1, 1, 1, 1, 1, 1, 1, 1, 1, 1, 1, 1, 1, 1, 1, 1, 1, 1, 1, 1, 1, 1, 1, 1, 1, 1, 1, 1, 1],
[1, 1, 1, 1, 1, 1, 1, 1, 1, 1, 1, 1, 1, 1, 1, 1, 1, 1, 1, 1, 1, 1, 1, 1, 1, 1, 1, 1, 1, 1, 1, 1, 1],
[1, 1, 1, 1, 1, 1, 1, 1, 1, 1, 1, 1, 1, 1, 1, 1, 1, 1, 1, 1, 1, 1, 1, 1, 1, 1, 1, 1, 1, 1, 1, 1, 1],
[1, 1, 1, 1, 1, 1, 1, 1, 1, 1, 1, 1, 1, 1, 1, 1, 1, 1, 1, 1, 1, 1, 1, 1, 1, 1, 1, 1, 1, 1, 1, 1, 1],
[1, 1, 1, 1, 1, 1, 1, 1, 1, 1, 1, 1, 1, 1, 1, 1, 1, 1, 1, 1, 1, 1, 1, 1, 1, 1, 1, 1, 1, 1, 1, 1, 1],
[1, 1, 1, 1, 1, 1, 1, 1, 1, 1, 1, 1, 1, 1, 1, 1, 1, 1, 1, 1, 1, 1, 1, 1, 1, 1, 1, 1, 1, 1, 1, 1, 1],
[1, 1, 1, 1, 1, 1, 1, 1, 1, 1, 1, 1, 1, 1, 1, 1, 1, 1, 1, 1, 1, 1, 1, 1, 1, 1, 1, 1, 1, 1, 1, 1, 1],
[1, 1, 1, 1, 1, 1, 1, 1, 1, 1, 1, 1, 1, 1, 1, 1, 1, 1, 1, 1, 1, 1, 1, 1, 1, 1, 1, 1, 1, 1, 1, 1, 1],
[1, 1, 1, 1, 1, 1, 1, 1, 1, 1, 1, 1, 1, 1, 1, 1, 1, 1, 1, 1, 1, 1, 1, 1, 1, 1, 1, 1, 1, 1, 1, 1, 1],
[1, 1, 1, 1, 1, 1, 1, 1, 1, 1, 1, 1, 1, 1, 1, 1, 1, 1, 1, 1, 1, 1, 1, 1, 1, 1, 1, 1, 1, 1, 1, 1, 1],
[1, 1, 1, 1, 1, 1, 1, 1, 1, 1, 1, 1, 1, 1, 1, 1, 1, 1, 1, 1, 1, 1, 1, 1, 1, 1, 1, 1, 1, 1, 1, 1, 1],
[1, 1, 1, 1, 1, 1, 1, 1, 1, 1, 1, 1, 1, 1, 1, 1, 1, 1, 1, 1, 1, 1, 1, 1, 1, 1, 1, 1, 1, 1, 1, 1, 1],
[1, 1, 1, 1, 1, 1, 1, 1, 1, 1, 1, 1, 1, 1, 1, 1, 1, 1, 1, 1, 1, 1, 1, 1, 1, 1, 1, 1, 1, 1, 1, 1, 1],
[1, 1, 1, 1, 1, 1, 1, 1, 1, 1, 1, 1, 1, 1, 1, 1, 1, 1, 1, 1, 1, 1, 1, 1, 1, 1, 1, 1, 1, 1, 1, 1, 1],
[1, 1, 1, 1, 1, 1, 1, 1, 1, 1, 1, 1, 1, 1, 1, 1, 1, 1, 1, 1, 1, 1, 1, 1, 1, 1, 1, 1, 1, 1, 1, 1, 1],
[1, 1, 1, 1, 1, 1, 1, 1, 1, 1, 1, 1, 1, 1, 1, 1, 1, 1, 1, 1, 1, 1, 1, 1, 1, 1, 1, 1, 1, 1, 1, 1, 1]
];
q = 8;
tc = 50;
fdno = 31;
d = [8, 8, 8, 5.7, 8, 5.6, 8, 8, 6.4, 8, 8, 8, 5, 8, 8, 8, 8, 0, 8, 8, 5.9, 8, 8, 1.8, 8, 8, 0.5, 8, 8, 4.8, 8, 8, 4.7];
a = [1071, 1091, 1111, 1131, 478, 498, 987, 1007, 1027, 773, 793, 813, 833, 651, 671, 691, 711, 731, 846, 866, 886, 425, 445, 465, 429, 449, 469, 593, 613, 633, 720, 740, 760];
b = [1076, 1096, 1116, 1136, 483, 503, 992, 1012, 1032, 778, 798, 818, 838, 656, 676, 696, 716, 736, 851, 871, 891, 430, 450, 470, 434, 454, 474, 598, 618, 638, 725, 745, 765];
cfr = [2, 2, 2, 2, 2, 2, 2, 2, 2, 2, 2, 2, 2, 2, 2, 2, 2, 2, 2, 2, 2, 2, 2, 2, 2, 2, 2, 2, 2, 2, 2, 2, 2];
r = [1400, 1400, 1400, 1000, 2888, 2004, 2632, 2632, 2094, 1280, 1280, 1280, 798, 3656, 3656, 3656, 3656, 8, 3880, 3880, 2853, 3544, 3544, 783, 2008, 2008, 123, 1920, 1920, 1144, 2448, 2448, 1445];
dmbs = [1, 1, 1, 1, 1, 1, 1, 1, 1, 1, 1, 1, 1, 1, 1, 1, 1, 1, 1, 1, 1, 1, 1, 1, 1, 1, 1, 1, 1, 1, 0, 0, 0];
ld = 8;
M = 5000;
